time,x,y,z,phi,theta,psi,x_velocity,y_velocity,z_velocity,phi_velocity,theta_velocity,psi_velocity,rotor_speed1,rotor_speed2,rotor_speed3,rotor_speed4
0.06,-2.3234162977947085e-07,-9.8521203265976e-08,10.00458492405916,6.282958353126581,0.00021585062953466405,0.0,-2.0507492372976435e-05,-1.427378988657789e-05,0.1528218764668089,-0.012690179098047063,0.009965383302276769,0.0,453.62511412254776,454.42443916693134,453.18443427390565,452.163508296885
0.12000000000000001,-1.0059169013137077e-05,-1.0612990550852479e-05,10.022185271638339,6.282127389166742,0.00039020583937787734,0.0,-0.0003648719199805208,-0.00043860682191621263,0.43379181134983114,-0.01627486416080714,-0.017500555717882088,0.0,492.67485505444967,490.64025561522504,490.5229824328004,490.2568853941425
0.18,-3.652070649153014e-05,-6.256676967355786e-05,10.051189534708922,6.281017073390794,6.282971733419366,0.0,-0.00043605801587648764,-0.0013990142213504747,0.5329752168869887,-0.023387255428317297,0.0017301860213366068,0.0,435.8453854616627,437.44952538350316,437.35905988452896,436.7664179288795
0.23999999999999996,-5.7632718165189935e-05,-0.00020824716940225676,10.090969011089998,6.279685539905294,6.282917822460961,0.0,-0.0002715958766467821,-0.003628375546555138,0.7928629358241632,-0.019903531221520686,-0.006756608790344815,0.0,485.44275687998714,484.8056217951564,485.38303885523345,485.64439603697815
0.3,-6.65350815465208e-05,-0.0005085990645938341,10.143170581597463,6.278743334908654,6.282734665889986,0.0,6.2315961810828155e-06,-0.006499249181574313,0.9470735414639095,-0.008405310402696726,0.0034822142817860953,0.0,454.73227979055076,455.5516802690743,453.26514135113297,454.1882226825967
0.36000000000000004,-5.8840300885892244e-05,-0.0009797822559949867,10.200234861039714,6.277922039219824,6.28301447869967,0.0,0.00022857254639310052,-0.009262808851278049,0.955062142069638,-0.027196043923841402,0.006927405627092291,0.0,407.662298299741,407.9699096928138,408.2072508282753,406.52723972113506
0.4200000000000001,-4.384859087147964e-05,-0.0016384532918494882,10.258362675954062,6.276224203454436,0.0006785933199511263,0.0,0.00021074649867886935,-0.012844611109073674,0.9825074087952685,-0.03059563735232136,0.0256841216936097,0.0,413.4654480249938,415.1143759564517,414.22882731640647,413.9295155910156
0.48000000000000015,-5.671198105655136e-05,-0.002602734389783308,10.326156407053727,6.27418181959259,0.0021819501962223598,0.0,-0.0008383839712946316,-0.019548216929531376,1.277000021103888,-0.04201256591594353,0.02376920036417356,0.0,495.4407198908435,495.29995709252483,496.5843206448526,495.7458645660747
0.5400000000000001,-0.0001724058820583508,-0.004029201974139147,10.411882839291044,6.271508425414563,0.0035188810231714385,0.0,-0.0031998721678126417,-0.028339439728302062,1.5801754726545605,-0.05020181427049976,0.01912901479885737,0.0,498.78684459810347,498.4478547263047,499.2835074309775,498.6848271811665
0.6000000000000002,-0.00044427912177171034,-0.005991551941018688,10.510459649740763,6.268034964894058,0.004562921477969439,0.0,-0.005978056899393358,-0.037404394761294105,1.7055345797981667,-0.08134000268319161,0.01369845821435105,0.0,447.3759765618662,446.93354568087716,448.7825219157297,446.24548450451533
0.6600000000000003,-0.0009093768678350179,-0.00859685475959462,10.61763414451999,6.263350326447906,0.005655838561337667,0.0,-0.009631739378673924,-0.049965297523844175,1.8666896699946474,-0.07224491581492301,0.025989498459683475,0.0,457.7543885824686,458.7312898468884,458.84923521830484,459.5659683569502
0.7200000000000003,-0.0016153931603655016,-0.012039915002460905,10.733539664196453,6.258853518871776,0.006961995603679938,0.0,-0.014055176467198217,-0.06526808203276664,1.9965982101832722,-0.0809835514798792,0.011605646420780536,0.0,449.98218249585676,448.81635971935145,450.37370732485914,449.6620376467109
0.7800000000000004,-0.002647401957538312,-0.016626874660752973,10.862257426994415,6.25369895916246,0.007795388309474127,0.0,-0.020441990569727817,-0.08826985553881318,2.29342865215573,-0.09823255003563504,0.018106113445886952,0.0,498.45869853209746,498.9333543191044,500.27482772545943,499.0120332177956
0.8400000000000004,-0.00405164411385043,-0.022600703951331697,11.004356396196867,6.247644707862829,0.009288479448608555,0.0,-0.026507490086349596,-0.11150058538520574,2.442873004349119,-0.10686361518908745,0.0358246864714368,0.0,456.52552834086566,457.93715756284155,457.94637644567155,457.2508074713835
0.9000000000000005,-0.005807729567777667,-0.02991878147717596,11.150360128149837,6.2410525903352365,0.01140611782965717,0.0,-0.03220928103067199,-0.13298481755678085,2.423933759257089,-0.11667497869162773,0.034211093825458935,0.0,403.85161574581224,403.706725496146,403.94723353086215,403.04942088886884
0.9600000000000005,-0.007963218124850466,-0.038714064118793814,11.29691805003481,6.233724576856229,0.014460457273442806,0.0,-0.03988751552286427,-0.16084888673539938,2.461214841373781,-0.13622143119641938,0.07223681968443363,0.0,420.6446146553167,423.9262519533354,423.73553890787286,422.03723500735595
1.0200000000000005,-0.01069400919968443,-0.049492215206962856,11.449024587622887,6.22535430885797,0.018593219089547475,0.0,-0.05159696487979625,-0.19930621455876987,2.6086187846279887,-0.14703704069230186,0.06114259016996743,0.0,457.40340953079254,456.5224736361549,458.98553984993305,458.1088641421872
1.0800000000000005,-0.014133290246686029,-0.06250863839761583,11.605655165101702,6.2166279758976515,0.022591103766250953,0.0,-0.06338400564734314,-0.23534326597315475,2.6123317962856127,-0.14242364924444262,0.07581110983598446,0.0,411.53958192368503,412.8395200914749,412.6291653501715,413.01466032767473
1.1400000000000006,-0.0183994525734184,-0.07797507101289448,11.764454826609352,6.208026008537832,0.026900405972371644,0.0,-0.07925098832608439,-0.28102704956833124,2.68075434626011,-0.14531861707785346,0.06233423174198691,0.0,435.3042753770354,434.17911430173484,433.4494500572238,433.18632366252376
1.2000000000000006,-0.023806103676941286,-0.09664720470482872,11.931173705260147,6.199078974954521,0.030832826710176953,0.0,-0.10140464137013533,-0.3423633354547974,2.875964407148619,-0.15805593504940857,0.07128242741955287,0.0,473.6357817909046,474.3263274467398,473.735273690828,472.7353052031207
1.2600000000000007,-0.030605984230296143,-0.11912569206524684,12.108568215140439,6.189450911998028,0.03597223856654619,0.0,-0.12577917873216227,-0.4079413952632522,3.0366440977972484,-0.1657818004825178,0.1049471108447276,0.0,462.3454153797915,464.9954778406281,465.66228858744296,465.03425918804066
1.3200000000000007,-0.03892127338181701,-0.14557682257602714,12.293700176902028,6.179097451311147,0.04220546580527351,0.0,-0.15202600493260413,-0.47475989054964,3.13401147826096,-0.19166856748995648,0.10168000560382882,0.0,445.8396231507928,445.5819694080409,447.72191153507714,445.5815232561741
1.3800000000000008,-0.049043742031863104,-0.17650478924090587,12.486984486583067,6.167807214129713,0.04954999570424956,0.0,-0.18614972405271893,-0.557400373293374,3.308103696541129,-0.18196898741950338,0.14684161576292704,0.0,469.19757977673817,472.702281574405,469.8517071937074,470.57074414736144
1.4400000000000008,-0.0611563523226282,-0.21210781990797728,12.686107071428586,6.156546886841385,0.05801827628156886,0.0,-0.21838778442417486,-0.6303512512966669,3.3290575182015756,-0.2026052447890801,0.12619406476538486,0.0,424.34042537063567,422.5835149452503,425.2712524392859,423.4632390916715
1.5000000000000009,-0.07533672017202497,-0.25225720231521076,12.886146635249498,6.144861121302181,0.0656419634624168,0.0,-0.2549659697109892,-0.7090030979410483,3.3386754657832536,-0.1824764512398269,0.12874042476242073,0.0,420.67610161430775,420.91225756188044,419.8406658469802,421.54376399793455
1.560000000000001,-0.092041117352594,-0.29772871041324617,13.089540261058486,6.134016193166698,0.07335793681668612,0.0,-0.30262026015935084,-0.8077734705057174,3.4405368962075387,-0.17750454041105834,0.12831661927518664,0.0,451.70565220222164,451.6863027111185,450.52954199308994,450.9002725876571
1.620000000000001,-0.11142152715242583,-0.34865616003493066,13.29444936387843,6.123317148258124,0.08133374303877705,0.0,-0.3440337184745177,-0.8906717897947025,3.389680433408968,-0.17999224197044675,0.14084080087795542,0.0,400.83072857943694,401.9855643477076,402.31551692996766,402.0558316205923
1.680000000000001,-0.1338711618951872,-0.40560640734213066,13.501640484298942,6.113070985708154,0.08981345530264306,0.0,-0.4051565899462901,-1.0086980858682337,3.5159623616358986,-0.156820377371359,0.1422854962712771,0.0,459.2220746638149,459.3545396235627,460.5370031490696,462.33895750712253
1.740000000000001,-0.1599194351628558,-0.4693782744790719,13.713624747089757,6.103274322843831,0.09878926217429207,0.0,-0.46392387875279,-1.1178751206906876,3.549751745014942,-0.1810707581776933,0.16121706454226664,0.0,431.4227058106969,433.039724651252,433.6894358192245,431.6207728741241
1.8000000000000012,-0.18965890997392917,-0.5398726115833432,13.92750187025425,6.092177641215988,0.10811355431065373,0.0,-0.528259924800921,-1.2328988306970818,3.5790072213434128,-0.19409191681510254,0.14007296792115834,0.0,433.55951222100174,431.80249948805726,431.81403255404064,430.67956779826307
1.8600000000000012,-0.22352888449783392,-0.6176476376129315,14.143956985710046,6.0809210031539855,0.11626589210287719,0.0,-0.6015138684868128,-1.360630751564608,3.6355454984931277,-0.17707828868741746,0.12577890418584733,0.0,442.49233983242766,441.33104010848393,441.3958697432253,442.7631206441488
1.9200000000000013,-0.26166252694228,-0.7028036699751751,14.361342738132658,6.070507289961441,0.12361512600905744,0.0,-0.6702398296619789,-1.4787743638317787,3.610332669589396,-0.16733042506871276,0.11493037092216431,0.0,415.8942260562915,414.9575413163292,416.16229075351566,416.9834742845548
1.9800000000000013,-0.3043042806370827,-0.7956626818689594,14.579178816282434,6.059979206085881,0.13057852689377558,0.0,-0.7517788128332191,-1.6174170169077993,3.6502832734699693,-0.2013585676628776,0.11821720869463169,0.0,438.2521567229834,438.5375310656789,440.44069405114783,437.58568394895576
2.0400000000000014,-0.3518036598528387,-0.8967595360208883,14.798093656143784,6.047470723362299,0.1372854727121693,0.0,-0.8321338419568853,-1.7535069016256508,3.6463796006455067,-0.22907615132937761,0.09406694864660091,0.0,426.93980960898233,424.8855019460802,426.15257097736463,423.73037078854907
2.1000000000000014,-0.4047179473913679,-1.0070561997414587,15.020031459359295,6.033820557283512,0.14267671278335659,0.0,-0.9321839021100402,-1.9243216864651336,3.7505345216312835,-0.22453380385239166,0.07971936783630136,0.0,462.71884072493566,461.5942284433125,461.623809434154,461.93283973165467
2.1600000000000015,-0.4634803720346043,-1.1274228008929883,15.246328366501512,6.020560098819809,0.14788799745071124,0.0,-1.0269986180961226,-2.0890613731810137,3.79190442821183,-0.21476312783311083,0.09825431004904188,0.0,443.81238709634613,445.33731019694164,442.9733476941401,443.7275683737341
2.2200000000000015,-0.5282108609438775,-1.2582258595776006,15.476131049105922,6.00798658753639,0.15354303111916057,0.0,-1.1311984667180806,-2.2721584577172727,3.8671914455475704,-0.20079240165979326,0.0847242262628175,0.0,456.69433040702324,455.6209851557073,456.85650900688137,457.9271215881065
2.2800000000000016,-0.5993891859587751,-1.4004061304123248,15.710855366906987,5.996571949379447,0.15821734006066457,0.0,-1.2418354186158582,-2.4681990708289887,3.955878409133807,-0.17480362854606446,0.0585820139753637,0.0,464.2200818258313,462.168344672721,462.20909499711246,464.21864947384444
2.3400000000000016,-0.6774278208087929,-1.5548075332206164,15.951575124399863,5.985776704543209,0.16143884969923672,0.0,-1.3597052063754784,-2.679425627186518,4.066930296556481,-0.1928509630318815,0.04147775926448508,0.0,473.9417727316588,472.62685741491214,472.4786786290949,471.0554775106053
2.4000000000000017,-0.7618201313498798,-1.7206974015697583,16.194259212913572,5.973706162562793,0.16412132370149468,0.0,-1.453581089044497,-2.8511831398097747,4.022019319451798,-0.22819328372535433,0.0504895652742199,0.0,422.57004810000404,423.3475360191066,425.6398099153498,422.56032055587
2.4600000000000017,-0.8525381672296972,-1.8982925413636371,16.43784752051021,5.960080041563362,0.16691662045326616,0.0,-1.5705498320626752,-3.069813830924248,4.096352108028338,-0.2250081273859813,0.03734965780858728,0.0,466.3636120382158,465.33718173763816,463.81096752982086,464.0122350721136
2.520000000000002,-0.9500278988533426,-2.088706651454721,16.684071854192656,5.946774422393084,0.16919274265101159,0.0,-1.6792550393039287,-3.278413712179882,4.11014371132796,-0.21595855204565104,0.03908151743180131,0.0,448.5278392796389,448.6691630766507,446.5477168433115,447.2369298293868
2.580000000000002,-1.0534481230123274,-2.290645590590016,16.927497106312206,5.934191176399429,0.17173299069185344,0.0,-1.7682992088132408,-3.4538767421839065,4.003639494105195,-0.1995174184326307,0.04816069448577997,0.0,407.0561072153182,407.8690661667448,407.205573107144,408.62602083924304
2.640000000000002,-1.16314719634545,-2.505068961050204,17.169256131201635,5.922271593661254,0.17426776824742074,0.0,-1.8885058346168775,-3.6945153746215644,4.053741307274988,-0.196999929614646,0.02651799373781267,0.0,463.0232790648226,461.31807569006355,464.00925805711165,464.1700957898301
2.700000000000002,-1.2800161504362468,-2.7339850474747998,17.413410189261754,5.91035284305207,0.1758047234178397,0.0,-2.007182296197016,-3.936950679019276,4.08353194100213,-0.2021532091104075,0.02374808043974961,0.0,459.0843390495429,458.8645658171873,459.69104543328314,459.24520376127566
2.760000000000002,-1.403523235148093,-2.9766209209466576,17.65653057601147,5.899147616332177,0.17734047201985437,0.0,-2.109826655409779,-4.151820995492435,4.019747112449313,-0.16655396293734331,0.029056001329289115,0.0,429.43274329971143,429.882980727888,428.4531118158377,431.43312899483163
2.820000000000002,-1.5334107936099484,-3.2327387242607686,17.89670100082356,5.8887836612528,0.17924187312865314,0.0,-2.2198720943701726,-4.38622811392783,3.985031565839441,-0.1894275529535075,0.0364958555095565,0.0,442.10587991460693,442.71892507556294,442.0839588699194,440.1653044229928
2.880000000000002,-1.670275215143442,-3.503828922085494,18.136370455750196,5.877070022185546,0.18159352390862082,0.0,-2.3423844216988035,-4.65096333598264,4.002606591470138,-0.21050610526232796,0.04410682266114182,0.0,461.6310081371173,462.2319917082053,462.6426627420439,460.94351519108756
2.940000000000002,-1.8149729387032287,-3.7919689968505503,18.379097503217658,5.864454118710139,0.1837576148366713,0.0,-2.480944784243614,-4.9545891227351815,4.0863908555273865,-0.20978811028896235,0.01068896572104767,0.0,487.81338250032303,485.311515749875,486.7701362987373,486.78454464751894
3.000000000000002,-1.967241552937787,-4.096874473667599,18.62282784819785,5.85206137208638,0.18426910527669804,0.0,-2.594663201623082,-5.209855224422179,4.036817789213516,-0.20075208189698007,0.003801156825159284,0.0,447.02379596287665,446.4619382960113,445.3448864348959,446.04165963216883
3.0600000000000023,-2.1261492824047,-4.41687757828467,18.862481673876605,5.839585642909817,0.1841387117367148,0.0,-2.7022405597095185,-5.4578414714140076,3.9506797128523132,-0.2288087609748852,-0.01813137981625194,0.0,437.25589982288074,435.4245359669552,436.66561368074133,434.27360673524174
3.1200000000000023,-2.2912638372306575,-4.751407785235025,19.09562095423499,5.826037889355078,0.18309579254193764,0.0,-2.801513346078166,-5.694207606434994,3.819825862857052,-0.22037388823619683,-0.015923904519339973,0.0,422.28269829586054,422.4731812270006,421.09203394991545,421.76753094149194
3.1800000000000024,-2.462316587775595,-5.100314146474268,19.320715697691956,5.813476560936966,0.181662412707273,0.0,-2.90018131147194,-5.9370040559541115,3.6825256623489837,-0.19340980375323585,-0.04885503655252114,0.0,422.1053408482525,419.25279762638144,421.2600512926607,423.5393063464362
3.2400000000000024,-2.63960287075719,-5.464820578305168,19.53904757137617,5.801649596642649,0.17871248043071297,0.0,-3.0090856931529766,-6.214113759317331,3.5940949420174473,-0.20579260149530124,-0.04979366630357766,0.0,442.02675995117085,441.94787086947895,441.8427879759856,440.78197584316683
3.3000000000000025,-2.8230850187491394,-5.845409803872202,19.750455753374283,5.789716994251684,0.1753498434902223,0.0,-3.1067755165771507,-6.4731749571621755,3.4519802141861904,-0.18777157154557322,-0.07304199189283152,0.0,425.30717155810004,423.308286492494,423.99109804150567,425.4958824570045
3.3600000000000025,-3.01234691991694,-6.241650327698679,19.953000085036916,5.778712962461656,0.17142477029794279,0.0,-3.2016920952438834,-6.735802274972383,3.2986958057971156,-0.17585428014720086,-0.05339347332974524,0.0,421.2461790732619,422.9387281153726,422.28651774846634,423.27894040703393
3.4200000000000026,-3.207424724742936,-6.654311093939528,20.14703101905365,5.767862479748143,0.16911125478791877,0.0,-3.300696484686282,-7.020442030149168,3.1679576410315806,-0.19334798043570062,-0.018843078247531838,0.0,432.192179094061,435.0941313939717,433.42252583846346,431.91639168651136
3.4800000000000026,-3.4085193011201005,-7.084545550088906,20.33354700487256,5.7560220036143335,0.16835417190451274,0.0,-3.402347388924833,-7.321589620021318,3.0479232951595727,-0.20682679586740083,-0.0024168048102232954,0.0,440.42975378280676,441.7866790952863,439.51985591770017,438.36215744533956
3.5400000000000027,-3.6155324643314004,-7.53254464024422,20.511757301032663,5.7431838535289295,0.1682361324769861,0.0,-3.4980686312335223,-7.6126663126494005,2.891172801787915,-0.2346889336277038,-0.0010831198800183841,0.0,429.534348654146,429.6475100950563,430.8231195915252,428.4120915991364
3.6000000000000028,-3.828953657395356,-8.000239289533265,20.683673991054647,5.730144011401734,0.16866271815703282,0.0,-3.6158323158521952,-7.97793724047614,2.8371942774498313,-0.1954767500571521,0.019845919745656557,0.0,470.98322144026065,472.5994644204164,468.603806850598,471.59716470278386
3.660000000000003,-4.049860519810417,-8.491358544154151,20.854108166042693,5.718524651219752,0.16955851258623778,0.0,-3.747589647264569,-8.3931942983776,2.8412652981730435,-0.19024801637587627,0.0026275807194689003,0.0,496.7865381863939,495.52198558229014,496.0360630483003,496.38767591398937
3.720000000000003,-4.277878397800412,-9.005108033891469,21.020500990292014,5.707011480123544,0.17065302475014477,0.0,-3.8529786790186487,-8.732554181169647,2.7034115879744682,-0.1953761339941979,0.03865381687341268,0.0,450.5842454868,453.48822000246344,452.0695732482806,451.6207933822072
3.780000000000003,-4.5124125594181175,-9.539969843683028,21.179174455405786,5.695180921648703,0.17261983237227163,0.0,-3.964865265333264,-9.096837130731632,2.5835966967703587,-0.20103635901481737,0.01719976635865335,0.0,463.86639015234164,462.1784093927995,463.7037233978993,463.2224252152359
3.840000000000003,-4.753519053722498,-10.096374961142581,21.32955783427058,5.683384923549847,0.17369337451796074,0.0,-4.071991314825816,-9.450744018263974,2.427220265002236,-0.18895659369701145,0.019242705769449413,0.0,454.809027080334,454.9725963696005,454.4682568725096,455.3988292868724
3.900000000000003,-5.0011245369858,-10.674408370616925,21.47051688142667,5.671957372127867,0.17435442309824722,0.0,-4.181479623658074,-9.817728507052285,2.2693380704180104,-0.1936423385363138,-0.01548161968816517,0.0,461.1905418094299,458.4387509417534,459.16676427061947,458.7606770069324
3.960000000000003,-5.255536498800721,-11.275444545282411,21.60277699234624,5.661631866974531,0.1735907626557509,0.0,-4.298680447697598,-10.217391567839725,2.136966840736561,-0.14709351242127358,-0.0077216791552902125,0.0,474.12551951795933,474.7216509647975,472.2138685516973,475.76374212437247
4.020000000000002,-5.516515361683124,-11.89916992518232,21.724672655892036,5.653001705188972,0.17376444020027826,0.0,-4.400560009506647,-10.574249642197872,1.924496817778991,-0.13801508884382063,0.018429257225882234,0.0,447.9650223249525,450.0872311489828,449.6894765052528,450.40544224707537
4.080000000000001,-5.782914138559539,-12.542154267777113,21.83030456545331,5.6444896393197155,0.1746127420175565,0.0,-4.479564326173591,-10.859805862262398,1.595645076383238,-0.15095915817161815,0.0037648639330928125,0.0,406.3915795125333,405.0743794637307,407.1875168243377,406.00642734706923
4.14,-6.055512209317591,-13.20736281523075,21.922500337958077,5.635792310146229,0.17553800941375908,0.0,-4.606848743305009,-11.31416358612269,1.4746753344386827,-0.13506583347765577,0.03206103637039673,0.0,490.95486198087866,493.0504310054809,490.6252695976379,491.78660807596816
4.199999999999998,-6.33544453257558,-13.898970092254237,22.00562628905327,5.627695507306216,0.1775980888815365,0.0,-4.72420741604372,-11.739937344521985,1.2936438548141802,-0.13470979442875394,0.03853205690357121,0.0,476.27166135329924,476.7668979436634,476.4873897812163,476.4991593376879
4.259999999999997,-6.621444997272646,-14.612937753826877,22.073098323143753,5.620279618084494,0.17957347898959775,0.0,-4.809328842105237,-12.060252222334826,0.9540886819638066,-0.10754358022266823,0.018295274097058063,0.0,421.08747327593903,419.33291401941545,417.38327280104795,419.7330511954727
4.319999999999996,-6.913664243960905,-15.350038390777206,22.124592421817432,5.613755041054638,0.1803316443188283,0.0,-4.931208182317313,-12.510335428649014,0.7597295961281816,-0.11125428116236115,-0.00217374626969605,0.0,482.39560270052306,480.84680122128765,481.9946334725125,481.7045968933757
4.379999999999995,-7.2126010637674,-16.11232917736447,22.161444150820184,5.607850763348246,0.1798604802243604,0.0,-5.033326009131394,-12.900471222814097,0.46671741699830166,-0.08056858665218306,-0.022733403242113925,0.0,450.83833542900425,449.173503323583,448.7373464650822,451.21368687405317
4.439999999999993,-7.517382053661933,-16.897316756117153,22.179147360541535,5.6025276935349115,0.17843203581217093,0.0,-5.126061691639138,-13.2672650887292,0.12183789931229294,-0.11471788354033477,-0.02604662786921676,0.0,433.1325370852546,432.8536016973642,435.8774690413787,433.0054865748149
4.499999999999992,-7.827223168562243,-17.702843882216705,22.173642769713364,5.596210068132239,0.17681631377189877,0.0,-5.20211869620891,-13.585545548584303,-0.3065088486146691,-0.09110537952478269,-0.028753636730947288,0.0,402.1243246343101,401.87866750801976,400.61863331343034,402.7495739102651
4.559999999999991,-8.142477899853743,-18.53078557380261,22.14574857606808,5.591285119305168,0.1749699524018835,0.0,-5.306266352045225,-14.013885993182033,-0.6255381090306085,-0.06835840520133138,-0.035151087558590914,0.0,452.21819686072564,451.7020638150372,452.9245875798975,454.74552330027075
4.6199999999999894,-8.46389453057247,-19.38447720536793,22.097969535896894,5.586946037897189,0.17353780337408686,0.0,-5.407564472336145,-14.444091610024289,-0.9692781604684725,-0.08172011743640864,-0.007622828613400348,0.0,447.257903887344,449.4950853354836,450.01224933020967,448.9248598696893
4.679999999999988,-8.791490580876062,-20.264703201449095,22.029579303074478,5.581770159216717,0.1731151038738421,0.0,-5.5122668077145445,-14.898312265196502,-1.312986556646809,-0.09739379640709799,-0.005913625167003236,0.0,456.056190852247,456.1928586329375,455.33156161314776,454.0693199592031
4.739999999999987,-9.125129925561343,-21.171646210787387,21.939016660496563,5.575825873448347,0.17277435961640908,0.0,-5.609064176785641,-15.334938445585973,-1.7083095928050092,-0.10265455103885883,-0.005214021334431963,0.0,441.7025576788095,441.7603725052851,441.41299871676586,440.9699242806363
4.799999999999986,-9.465324960527225,-22.10793807703204,21.82744440690685,5.56964135558648,0.17230797518888874,0.0,-5.73056742106431,-15.876039869916271,-2.014501263858576,-0.10392964381253661,-0.01345764837800379,0.0,485.1786873880888,484.55924593817406,485.4334641516868,485.3294855818483
4.859999999999984,-9.812362314154393,-23.075433407145002,21.694974011726213,5.5630433260948156,0.1714344926479443,0.0,-5.837241787833277,-16.37558199799268,-2.40453826111165,-0.12613959751010506,-0.016854933421020308,0.0,461.55576386318864,461.2875682258228,463.0421376388605,461.28034100756173
4.919999999999983,-10.165129575649578,-24.0707927386962,21.53558585672786,5.55568638574502,0.17039353161710036,0.0,-5.921739038223381,-16.805514237500528,-2.911198180777469,-0.11636978501729997,-0.018356919739743394,0.0,421.58129810585353,421.4514941104285,421.2897385849853,422.11949820352567
4.979999999999982,-10.522582078632269,-25.090910456104563,21.343482340582764,5.549319931497887,0.16979913932505664,0.0,-5.993561438869358,-17.201484178484698,-3.4946819934539994,-0.09097296385764063,0.0031422486391620777,0.0,393.5957509294697,395.581603023095,393.3882932259795,395.722382537317
5.0399999999999805,-10.884912835906336,-26.137470216133067,21.118121255386974,5.543912972092048,0.17007202008551126,0.0,-6.084237908567511,-17.686671597806086,-4.0207041086392845,-0.0884560294042176,0.007221042674063586,0.0,429.71560536014005,430.0613075680962,429.1766277870956,429.3831996804299
